0.000500, 0.000746
0.001000, 0.001492
0.001500, 0.002237
0.002000, 0.002981
0.002500, 0.003724
0.003000, 0.004467
0.003500, 0.005209
0.004000, 0.005950
0.004500, 0.006691
0.005000, 0.007430
0.005500, 0.008169
0.006000, 0.008907
0.006500, 0.009645
0.007000, 0.010381
0.007500, 0.011117
0.008000, 0.011852
0.008500, 0.012587
0.009000, 0.013321
0.009500, 0.014053
0.010000, 0.014786
0.010500, 0.015517
0.011000, 0.016248
0.011500, 0.016978
0.012000, 0.017707
0.012500, 0.018435
0.013000, 0.019163
0.013500, 0.019890
0.014000, 0.020616
0.014500, 0.021342
0.015000, 0.022067
0.015500, 0.022791
0.016000, 0.023514
0.016500, 0.024236
0.017000, 0.024958
0.017500, 0.025679
0.018000, 0.026399
0.018500, 0.027119
0.019000, 0.027838
0.019500, 0.028556
0.020000, 0.029273
0.020500, 0.029990
0.021000, 0.030705
0.021500, 0.031421
0.022000, 0.032135
0.022500, 0.032848
0.023000, 0.033561
0.023500, 0.034273
0.024000, 0.034985
0.024500, 0.035695
0.025000, 0.036405
0.025500, 0.037115
0.026000, 0.037823
0.026500, 0.038531
0.027000, 0.039238
0.027500, 0.039944
0.028000, 0.040649
0.028500, 0.041354
0.029000, 0.042058
0.029500, 0.042761
0.030000, 0.043464
0.030500, 0.044166
0.031000, 0.044867
0.031500, 0.045567
0.032000, 0.046267
0.032500, 0.046965
0.033000, 0.047664
0.033500, 0.048361
0.034000, 0.049058
0.034500, 0.049754
0.035000, 0.050449
0.035500, 0.051143
0.036000, 0.051837
0.036500, 0.052530
0.037000, 0.053222
0.037500, 0.053914
0.038000, 0.054604
0.038500, 0.055294
0.039000, 0.055984
0.039500, 0.056672
0.040000, 0.057360
0.040500, 0.058047
0.041000, 0.058734
0.041500, 0.059419
0.042000, 0.060104
0.042500, 0.060788
0.043000, 0.061472
0.043500, 0.062155
0.044000, 0.062837
0.044500, 0.063518
0.045000, 0.064198
0.045500, 0.064878
0.046000, 0.065557
0.046500, 0.066236
0.047000, 0.066913
0.047500, 0.067590
0.048000, 0.068266
0.048500, 0.068942
0.049000, 0.069617
0.049500, 0.070291
0.050000, 0.070964
0.050500, 0.071636
0.051000, 0.072308
0.051500, 0.072979
0.052000, 0.073650
0.052500, 0.074319
0.053000, 0.074988
0.053500, 0.075656
0.054000, 0.076324
0.054500, 0.076991
0.055000, 0.077657
0.055500, 0.078322
0.056000, 0.078986
0.056500, 0.079650
0.057000, 0.080313
0.057500, 0.080976
0.058000, 0.081638
0.058500, 0.082298
0.059000, 0.082959
0.059500, 0.083618
0.060000, 0.084277
0.060500, 0.084935
0.061000, 0.085592
0.061500, 0.086249
0.062000, 0.086905
0.062500, 0.087560
0.063000, 0.088215
0.063500, 0.088868
0.064000, 0.089521
0.064500, 0.090174
0.065000, 0.090825
0.065500, 0.091476
0.066000, 0.092126
0.066500, 0.092776
0.067000, 0.093425
0.067500, 0.094073
0.068000, 0.094720
0.068500, 0.095366
0.069000, 0.096012
0.069500, 0.096657
0.070000, 0.097302
0.070500, 0.097946
0.071000, 0.098589
0.071500, 0.099231
0.072000, 0.099872
0.072500, 0.100513
0.073000, 0.101153
0.073500, 0.101793
0.074000, 0.102432
0.074500, 0.103070
0.075000, 0.103707
0.075500, 0.104343
0.076000, 0.104979
0.076500, 0.105614
0.077000, 0.106249
0.077500, 0.106883
0.078000, 0.107516
0.078500, 0.108148
0.079000, 0.108779
0.079500, 0.109410
0.080000, 0.110040
0.080500, 0.110670
0.081000, 0.111299
0.081500, 0.111927
0.082000, 0.112554
0.082500, 0.113181
0.083000, 0.113807
0.083500, 0.114432
0.084000, 0.115056
0.084500, 0.115680
0.085000, 0.116303
0.085500, 0.116926
0.086000, 0.117547
0.086500, 0.118168
0.087000, 0.118788
0.087500, 0.119408
0.088000, 0.120027
0.088500, 0.120645
0.089000, 0.121262
0.089500, 0.121879
0.090000, 0.122495
0.090500, 0.123111
0.091000, 0.123725
0.091500, 0.124339
0.092000, 0.124952
0.092500, 0.125565
0.093000, 0.126177
0.093500, 0.126788
0.094000, 0.127398
0.094500, 0.128008
0.095000, 0.128617
0.095500, 0.129225
0.096000, 0.129833
0.096500, 0.130440
0.097000, 0.131046
0.097500, 0.131651
0.098000, 0.132256
0.098500, 0.132860
0.099000, 0.133464
0.099500, 0.134066
0.100000, 0.134668
0.100500, 0.135270
0.101000, 0.135870
0.101500, 0.136470
0.102000, 0.137069
0.102500, 0.137668
0.103000, 0.138266
0.103500, 0.138863
0.104000, 0.139459
0.104500, 0.140055
0.105000, 0.140650
0.105500, 0.141245
0.106000, 0.141838
0.106500, 0.142431
0.107000, 0.143023
0.107500, 0.143615
0.108000, 0.144206
0.108500, 0.144796
0.109000, 0.145385
0.109500, 0.145974
0.110000, 0.146562
0.110500, 0.147150
0.111000, 0.147737
0.111500, 0.148323
0.112000, 0.148908
0.112500, 0.149493
0.113000, 0.150076
0.113500, 0.150660
0.114000, 0.151242
0.114500, 0.151824
0.115000, 0.152405
0.115500, 0.152986
0.116000, 0.153566
0.116500, 0.154145
0.117000, 0.154723
0.117500, 0.155301
0.118000, 0.155878
0.118500, 0.156455
0.119000, 0.157030
0.119500, 0.157605
0.120000, 0.158180
0.120500, 0.158753
0.121000, 0.159326
0.121500, 0.159898
0.122000, 0.160470
0.122500, 0.161041
0.123000, 0.161611
0.123500, 0.162181
0.124000, 0.162749
0.124500, 0.163318
0.125000, 0.163885
0.125500, 0.164452
0.126000, 0.165018
0.126500, 0.165583
0.127000, 0.166148
0.127500, 0.166712
0.128000, 0.167276
0.128500, 0.167838
0.129000, 0.168400
0.129500, 0.168962
0.130000, 0.169522
0.130500, 0.170082
0.131000, 0.170642
0.131500, 0.171200
0.132000, 0.171758
0.132500, 0.172315
0.133000, 0.172872
0.133500, 0.173428
0.134000, 0.173983
0.134500, 0.174538
0.135000, 0.175092
0.135500, 0.175645
0.136000, 0.176197
0.136500, 0.176749
0.137000, 0.177300
0.137500, 0.177851
0.138000, 0.178401
0.138500, 0.178950
0.139000, 0.179498
0.139500, 0.180046
0.140000, 0.180593
0.140500, 0.181140
0.141000, 0.181685
0.141500, 0.182231
0.142000, 0.182775
0.142500, 0.183319
0.143000, 0.183862
0.143500, 0.184404
0.144000, 0.184946
0.144500, 0.185487
0.145000, 0.186027
0.145500, 0.186567
0.146000, 0.187106
0.146500, 0.187645
0.147000, 0.188182
0.147500, 0.188719
0.148000, 0.189256
0.148500, 0.189792
0.149000, 0.190327
0.149500, 0.190861
0.150000, 0.191395
0.150500, 0.191928
0.151000, 0.192460
0.151500, 0.192992
0.152000, 0.193523
0.152500, 0.194053
0.153000, 0.194583
0.153500, 0.195112
0.154000, 0.195641
0.154500, 0.196168
0.155000, 0.196695
0.155500, 0.197222
0.156000, 0.197747
0.156500, 0.198273
0.157000, 0.198797
0.157500, 0.199321
0.158000, 0.199844
0.158500, 0.200366
0.159000, 0.200888
0.159500, 0.201409
0.160000, 0.201929
0.160500, 0.202449
0.161000, 0.202968
0.161500, 0.203487
0.162000, 0.204005
0.162500, 0.204522
0.163000, 0.205038
0.163500, 0.205554
0.164000, 0.206069
0.164500, 0.206584
0.165000, 0.207098
0.165500, 0.207611
0.166000, 0.208123
0.166500, 0.208635
0.167000, 0.209146
0.167500, 0.209657
0.168000, 0.210167
0.168500, 0.210676
0.169000, 0.211185
0.169500, 0.211693
0.170000, 0.212200
0.170500, 0.212707
0.171000, 0.213213
0.171500, 0.213718
0.172000, 0.214223
0.172500, 0.214727
0.173000, 0.215230
0.173500, 0.215733
0.174000, 0.216235
0.174500, 0.216736
0.175000, 0.217237
0.175500, 0.217737
0.176000, 0.218237
0.176500, 0.218735
0.177000, 0.219234
0.177500, 0.219731
0.178000, 0.220228
0.178500, 0.220724
0.179000, 0.221220
0.179500, 0.221715
0.180000, 0.222209
0.180500, 0.222703
0.181000, 0.223196
0.181500, 0.223688
0.182000, 0.224180
0.182500, 0.224671
0.183000, 0.225161
0.183500, 0.225651
0.184000, 0.226140
0.184500, 0.226628
0.185000, 0.227116
0.185500, 0.227603
0.186000, 0.228090
0.186500, 0.228576
0.187000, 0.229061
0.187500, 0.229546
0.188000, 0.230030
0.188500, 0.230513
0.189000, 0.230996
0.189500, 0.231478
0.190000, 0.231959
0.190500, 0.232440
0.191000, 0.232920
0.191500, 0.233399
0.192000, 0.233878
0.192500, 0.234356
0.193000, 0.234834
0.193500, 0.235311
0.194000, 0.235787
0.194500, 0.236263
0.195000, 0.236738
0.195500, 0.237212
0.196000, 0.237686
0.196500, 0.238159
0.197000, 0.238631
0.197500, 0.239103
0.198000, 0.239574
0.198500, 0.240045
0.199000, 0.240515
0.199500, 0.240984
0.200000, 0.241453
0.200500, 0.241921
0.201000, 0.242388
0.201500, 0.242855
0.202000, 0.243321
0.202500, 0.243786
0.203000, 0.244251
0.203500, 0.244715
0.204000, 0.245179
0.204500, 0.245642
0.205000, 0.246104
0.205500, 0.246566
0.206000, 0.247027
0.206500, 0.247488
0.207000, 0.247947
0.207500, 0.248406
0.208000, 0.248865
0.208500, 0.249323
0.209000, 0.249780
0.209500, 0.250237
0.210000, 0.250693
0.210500, 0.251148
0.211000, 0.251603
0.211500, 0.252057
0.212000, 0.252511
0.212500, 0.252964
0.213000, 0.253416
0.213500, 0.253868
0.214000, 0.254319
0.214500, 0.254769
0.215000, 0.255219
0.215500, 0.255668
0.216000, 0.256116
0.216500, 0.256564
0.217000, 0.257012
0.217500, 0.257458
0.218000, 0.257904
0.218500, 0.258350
0.219000, 0.258795
0.219500, 0.259239
0.220000, 0.259682
0.220500, 0.260125
0.221000, 0.260568
0.221500, 0.261009
0.222000, 0.261450
0.222500, 0.261891
0.223000, 0.262331
0.223500, 0.262770
0.224000, 0.263208
0.224500, 0.263646
0.225000, 0.264084
0.225500, 0.264521
0.226000, 0.264957
0.226500, 0.265392
0.227000, 0.265827
0.227500, 0.266261
0.228000, 0.266695
0.228500, 0.267128
0.229000, 0.267561
0.229500, 0.267992
0.230000, 0.268424
0.230500, 0.268854
0.231000, 0.269284
0.231500, 0.269714
0.232000, 0.270142
0.232500, 0.270570
0.233000, 0.270998
0.233500, 0.271425
0.234000, 0.271851
0.234500, 0.272277
0.235000, 0.272702
0.235500, 0.273127
0.236000, 0.273550
0.236500, 0.273974
0.237000, 0.274396
0.237500, 0.274818
0.238000, 0.275240
0.238500, 0.275661
0.239000, 0.276081
0.239500, 0.276501
0.240000, 0.276920
0.240500, 0.277338
0.241000, 0.277756
0.241500, 0.278173
0.242000, 0.278590
0.242500, 0.279006
0.243000, 0.279421
0.243500, 0.279836
0.244000, 0.280250
0.244500, 0.280664
0.245000, 0.281076
0.245500, 0.281489
0.246000, 0.281901
0.246500, 0.282312
0.247000, 0.282722
0.247500, 0.283132
0.248000, 0.283542
0.248500, 0.283950
0.249000, 0.284359
0.249500, 0.284766
0.250000, 0.285173
0.250500, 0.285579
0.251000, 0.285985
0.251500, 0.286390
0.252000, 0.286795
0.252500, 0.287199
0.253000, 0.287602
0.253500, 0.288005
0.254000, 0.288407
0.254500, 0.288809
0.255000, 0.289210
0.255500, 0.289610
0.256000, 0.290010
0.256500, 0.290409
0.257000, 0.290808
0.257500, 0.291206
0.258000, 0.291603
0.258500, 0.292000
0.259000, 0.292396
0.259500, 0.292792
0.260000, 0.293187
0.260500, 0.293581
0.261000, 0.293975
0.261500, 0.294368
0.262000, 0.294761
0.262500, 0.295153
0.263000, 0.295545
0.263500, 0.295936
0.264000, 0.296326
0.264500, 0.296716
0.265000, 0.297105
0.265500, 0.297493
0.266000, 0.297881
0.266500, 0.298269
0.267000, 0.298655
0.267500, 0.299042
0.268000, 0.299427
0.268500, 0.299812
0.269000, 0.300197
0.269500, 0.300580
0.270000, 0.300964
0.270500, 0.301346
0.271000, 0.301728
0.271500, 0.302110
0.272000, 0.302491
0.272500, 0.302871
0.273000, 0.303251
0.273500, 0.303630
0.274000, 0.304009
0.274500, 0.304387
0.275000, 0.304764
0.275500, 0.305141
0.276000, 0.305517
0.276500, 0.305893
0.277000, 0.306268
0.277500, 0.306643
0.278000, 0.307017
0.278500, 0.307390
0.279000, 0.307763
0.279500, 0.308135
0.280000, 0.308507
0.280500, 0.308878
0.281000, 0.309248
0.281500, 0.309618
0.282000, 0.309987
0.282500, 0.310356
0.283000, 0.310724
0.283500, 0.311092
0.284000, 0.311459
0.284500, 0.311825
0.285000, 0.312191
0.285500, 0.312556
0.286000, 0.312921
0.286500, 0.313285
0.287000, 0.313649
0.287500, 0.314012
0.288000, 0.314374
0.288500, 0.314736
0.289000, 0.315097
0.289500, 0.315458
0.290000, 0.315818
0.290500, 0.316178
0.291000, 0.316537
0.291500, 0.316895
0.292000, 0.317253
0.292500, 0.317610
0.293000, 0.317967
0.293500, 0.318323
0.294000, 0.318679
0.294500, 0.319034
0.295000, 0.319388
0.295500, 0.319742
0.296000, 0.320095
0.296500, 0.320448
0.297000, 0.320800
0.297500, 0.321152
0.298000, 0.321503
0.298500, 0.321853
0.299000, 0.322203
0.299500, 0.322553
0.300000, 0.322901
0.300500, 0.323250
0.301000, 0.323597
0.301500, 0.323944
0.302000, 0.324291
0.302500, 0.324637
0.303000, 0.324982
0.303500, 0.325327
0.304000, 0.325671
0.304500, 0.326015
0.305000, 0.326358
0.305500, 0.326701
0.306000, 0.327043
0.306500, 0.327384
0.307000, 0.327725
0.307500, 0.328066
0.308000, 0.328406
0.308500, 0.328745
0.309000, 0.329083
0.309500, 0.329422
0.310000, 0.329759
0.310500, 0.330096
0.311000, 0.330433
0.311500, 0.330769
0.312000, 0.331104
0.312500, 0.331439
0.313000, 0.331773
0.313500, 0.332107
0.314000, 0.332440
0.314500, 0.332772
0.315000, 0.333104
0.315500, 0.333436
0.316000, 0.333767
0.316500, 0.334097
0.317000, 0.334427
0.317500, 0.334756
0.318000, 0.335085
0.318500, 0.335413
0.319000, 0.335741
0.319500, 0.336068
0.320000, 0.336394
0.320500, 0.336720
0.321000, 0.337046
0.321500, 0.337371
0.322000, 0.337695
0.322500, 0.338019
0.323000, 0.338342
0.323500, 0.338665
0.324000, 0.338987
0.324500, 0.339308
0.325000, 0.339629
0.325500, 0.339950
0.326000, 0.340270
0.326500, 0.340589
0.327000, 0.340908
0.327500, 0.341226
0.328000, 0.341544
0.328500, 0.341862
0.329000, 0.342178
0.329500, 0.342494
0.330000, 0.342810
0.330500, 0.343125
0.331000, 0.343440
0.331500, 0.343754
0.332000, 0.344067
0.332500, 0.344380
0.333000, 0.344692
0.333500, 0.345004
0.334000, 0.345315
0.334500, 0.345626
0.335000, 0.345936
0.335500, 0.346246
0.336000, 0.346555
0.336500, 0.346864
0.337000, 0.347172
0.337500, 0.347479
0.338000, 0.347786
0.338500, 0.348093
0.339000, 0.348398
0.339500, 0.348704
0.340000, 0.349009
0.340500, 0.349313
0.341000, 0.349617
0.341500, 0.349920
0.342000, 0.350223
0.342500, 0.350525
0.343000, 0.350826
0.343500, 0.351128
0.344000, 0.351428
0.344500, 0.351728
0.345000, 0.352028
0.345500, 0.352327
0.346000, 0.352625
0.346500, 0.352923
0.347000, 0.353220
0.347500, 0.353517
0.348000, 0.353814
0.348500, 0.354109
0.349000, 0.354405
0.349500, 0.354699
0.350000, 0.354994
0.350500, 0.355287
0.351000, 0.355580
0.351500, 0.355873
0.352000, 0.356165
0.352500, 0.356457
0.353000, 0.356748
0.353500, 0.357038
0.354000, 0.357328
0.354500, 0.357618
0.355000, 0.357907
0.355500, 0.358195
0.356000, 0.358483
0.356500, 0.358770
0.357000, 0.359057
0.357500, 0.359344
0.358000, 0.359629
0.358500, 0.359915
0.359000, 0.360199
0.359500, 0.360484
0.360000, 0.360767
0.360500, 0.361051
0.361000, 0.361333
0.361500, 0.361615
0.362000, 0.361897
0.362500, 0.362178
0.363000, 0.362459
0.363500, 0.362739
0.364000, 0.363018
0.364500, 0.363298
0.365000, 0.363576
0.365500, 0.363854
0.366000, 0.364132
0.366500, 0.364409
0.367000, 0.364685
0.367500, 0.364961
0.368000, 0.365236
0.368500, 0.365511
0.369000, 0.365786
0.369500, 0.366060
0.370000, 0.366333
0.370500, 0.366606
0.371000, 0.366878
0.371500, 0.367150
0.372000, 0.367422
0.372500, 0.367692
0.373000, 0.367963
0.373500, 0.368233
0.374000, 0.368502
0.374500, 0.368771
0.375000, 0.369039
0.375500, 0.369307
0.376000, 0.369574
0.376500, 0.369841
0.377000, 0.370107
0.377500, 0.370373
0.378000, 0.370638
0.378500, 0.370903
0.379000, 0.371167
0.379500, 0.371431
0.380000, 0.371694
0.380500, 0.371956
0.381000, 0.372219
0.381500, 0.372480
0.382000, 0.372742
0.382500, 0.373002
0.383000, 0.373262
0.383500, 0.373522
0.384000, 0.373781
0.384500, 0.374040
0.385000, 0.374298
0.385500, 0.374556
0.386000, 0.374813
0.386500, 0.375070
0.387000, 0.375326
0.387500, 0.375581
0.388000, 0.375837
0.388500, 0.376091
0.389000, 0.376345
0.389500, 0.376599
0.390000, 0.376852
0.390500, 0.377105
0.391000, 0.377357
0.391500, 0.377609
0.392000, 0.377860
0.392500, 0.378111
0.393000, 0.378361
0.393500, 0.378610
0.394000, 0.378860
0.394500, 0.379108
0.395000, 0.379356
0.395500, 0.379604
0.396000, 0.379851
0.396500, 0.380098
0.397000, 0.380344
0.397500, 0.380590
0.398000, 0.380835
0.398500, 0.381080
0.399000, 0.381324
0.399500, 0.381568
0.400000, 0.381811
0.400500, 0.382054
0.401000, 0.382296
0.401500, 0.382538
0.402000, 0.382779
0.402500, 0.383020
0.403000, 0.383261
0.403500, 0.383500
0.404000, 0.383740
0.404500, 0.383979
0.405000, 0.384217
0.405500, 0.384455
0.406000, 0.384692
0.406500, 0.384929
0.407000, 0.385166
0.407500, 0.385402
0.408000, 0.385637
0.408500, 0.385872
0.409000, 0.386106
0.409500, 0.386340
0.410000, 0.386574
0.410500, 0.386807
0.411000, 0.387040
0.411500, 0.387272
0.412000, 0.387503
0.412500, 0.387734
0.413000, 0.387965
0.413500, 0.388195
0.414000, 0.388425
0.414500, 0.388654
0.415000, 0.388883
0.415500, 0.389111
0.416000, 0.389339
0.416500, 0.389566
0.417000, 0.389793
0.417500, 0.390019
0.418000, 0.390245
0.418500, 0.390470
0.419000, 0.390695
0.419500, 0.390919
0.420000, 0.391143
0.420500, 0.391367
0.421000, 0.391590
0.421500, 0.391812
0.422000, 0.392034
0.422500, 0.392256
0.423000, 0.392477
0.423500, 0.392697
0.424000, 0.392917
0.424500, 0.393137
0.425000, 0.393356
0.425500, 0.393575
0.426000, 0.393793
0.426500, 0.394011
0.427000, 0.394228
0.427500, 0.394445
0.428000, 0.394661
0.428500, 0.394877
0.429000, 0.395093
0.429500, 0.395307
0.430000, 0.395522
0.430500, 0.395736
0.431000, 0.395949
0.431500, 0.396162
0.432000, 0.396375
0.432500, 0.396587
0.433000, 0.396799
0.433500, 0.397010
0.434000, 0.397221
0.434500, 0.397431
0.435000, 0.397641
0.435500, 0.397850
0.436000, 0.398059
0.436500, 0.398267
0.437000, 0.398475
0.437500, 0.398683
0.438000, 0.398890
0.438500, 0.399096
0.439000, 0.399302
0.439500, 0.399508
0.440000, 0.399713
0.440500, 0.399918
0.441000, 0.400122
0.441500, 0.400326
0.442000, 0.400529
0.442500, 0.400732
0.443000, 0.400934
0.443500, 0.401136
0.444000, 0.401338
0.444500, 0.401539
0.445000, 0.401739
0.445500, 0.401939
0.446000, 0.402139
0.446500, 0.402338
0.447000, 0.402537
0.447500, 0.402735
0.448000, 0.402933
0.448500, 0.403130
0.449000, 0.403327
0.449500, 0.403523
0.450000, 0.403719
0.450500, 0.403915
0.451000, 0.404110
0.451500, 0.404304
0.452000, 0.404499
0.452500, 0.404692
0.453000, 0.404886
0.453500, 0.405078
0.454000, 0.405271
0.454500, 0.405463
0.455000, 0.405654
0.455500, 0.405845
0.456000, 0.406036
0.456500, 0.406226
0.457000, 0.406415
0.457500, 0.406605
0.458000, 0.406793
0.458500, 0.406982
0.459000, 0.407169
0.459500, 0.407357
0.460000, 0.407544
0.460500, 0.407730
0.461000, 0.407916
0.461500, 0.408102
0.462000, 0.408287
0.462500, 0.408472
0.463000, 0.408656
0.463500, 0.408840
0.464000, 0.409023
0.464500, 0.409206
0.465000, 0.409389
0.465500, 0.409571
0.466000, 0.409752
0.466500, 0.409934
0.467000, 0.410114
0.467500, 0.410295
0.468000, 0.410474
0.468500, 0.410654
0.469000, 0.410833
0.469500, 0.411011
0.470000, 0.411189
0.470500, 0.411367
0.471000, 0.411544
0.471500, 0.411721
0.472000, 0.411897
0.472500, 0.412073
0.473000, 0.412249
0.473500, 0.412424
0.474000, 0.412598
0.474500, 0.412772
0.475000, 0.412946
0.475500, 0.413119
0.476000, 0.413292
0.476500, 0.413464
0.477000, 0.413636
0.477500, 0.413808
0.478000, 0.413979
0.478500, 0.414150
0.479000, 0.414320
0.479500, 0.414490
0.480000, 0.414659
0.480500, 0.414828
0.481000, 0.414996
0.481500, 0.415164
0.482000, 0.415332
0.482500, 0.415499
0.483000, 0.415666
0.483500, 0.415832
0.484000, 0.415998
0.484500, 0.416164
0.485000, 0.416329
0.485500, 0.416493
0.486000, 0.416657
0.486500, 0.416821
0.487000, 0.416984
0.487500, 0.417147
0.488000, 0.417310
0.488500, 0.417472
0.489000, 0.417633
0.489500, 0.417795
0.490000, 0.417955
0.490500, 0.418116
0.491000, 0.418276
0.491500, 0.418435
0.492000, 0.418594
0.492500, 0.418753
0.493000, 0.418911
0.493500, 0.419069
0.494000, 0.419226
0.494500, 0.419383
0.495000, 0.419539
0.495500, 0.419696
0.496000, 0.419851
0.496500, 0.420006
0.497000, 0.420161
0.497500, 0.420316
0.498000, 0.420470
0.498500, 0.420623
0.499000, 0.420776
0.499500, 0.420929
0.500000, 0.421081
0.500500, 0.421233
0.501000, 0.421385
0.501500, 0.421536
0.502000, 0.421686
0.502500, 0.421837
0.503000, 0.421986
0.503500, 0.422136
0.504000, 0.422285
0.504500, 0.422433
0.505000, 0.422582
0.505500, 0.422729
0.506000, 0.422877
0.506500, 0.423023
0.507000, 0.423170
0.507500, 0.423316
0.508000, 0.423462
0.508500, 0.423607
0.509000, 0.423752
0.509500, 0.423896
0.510000, 0.424040
0.510500, 0.424184
0.511000, 0.424327
0.511500, 0.424470
0.512000, 0.424612
0.512500, 0.424754
0.513000, 0.424896
0.513500, 0.425037
0.514000, 0.425177
0.514500, 0.425318
0.515000, 0.425458
0.515500, 0.425597
0.516000, 0.425736
0.516500, 0.425875
0.517000, 0.426013
0.517500, 0.426151
0.518000, 0.426289
0.518500, 0.426426
0.519000, 0.426562
0.519500, 0.426699
0.520000, 0.426834
0.520500, 0.426970
0.521000, 0.427105
0.521500, 0.427239
0.522000, 0.427374
0.522500, 0.427508
0.523000, 0.427641
0.523500, 0.427774
0.524000, 0.427907
0.524500, 0.428039
0.525000, 0.428171
0.525500, 0.428302
0.526000, 0.428433
0.526500, 0.428564
0.527000, 0.428694
0.527500, 0.428824
0.528000, 0.428953
0.528500, 0.429082
0.529000, 0.429211
0.529500, 0.429339
0.530000, 0.429467
0.530500, 0.429594
0.531000, 0.429721
0.531500, 0.429848
0.532000, 0.429974
0.532500, 0.430100
0.533000, 0.430226
0.533500, 0.430351
0.534000, 0.430475
0.534500, 0.430600
0.535000, 0.430723
0.535500, 0.430847
0.536000, 0.430970
0.536500, 0.431093
0.537000, 0.431215
0.537500, 0.431337
0.538000, 0.431458
0.538500, 0.431580
0.539000, 0.431700
0.539500, 0.431821
0.540000, 0.431941
0.540500, 0.432060
0.541000, 0.432179
0.541500, 0.432298
0.542000, 0.432416
0.542500, 0.432534
0.543000, 0.432652
0.543500, 0.432769
0.544000, 0.432886
0.544500, 0.433003
0.545000, 0.433119
0.545500, 0.433234
0.546000, 0.433350
0.546500, 0.433465
0.547000, 0.433579
0.547500, 0.433693
0.548000, 0.433807
0.548500, 0.433920
0.549000, 0.434033
0.549500, 0.434146
0.550000, 0.434258
0.550500, 0.434370
0.551000, 0.434481
0.551500, 0.434593
0.552000, 0.434703
0.552500, 0.434814
0.553000, 0.434923
0.553500, 0.435033
0.554000, 0.435142
0.554500, 0.435251
0.555000, 0.435359
0.555500, 0.435467
0.556000, 0.435575
0.556500, 0.435682
0.557000, 0.435789
0.557500, 0.435896
0.558000, 0.436002
0.558500, 0.436108
0.559000, 0.436213
0.559500, 0.436318
0.560000, 0.436423
0.560500, 0.436527
0.561000, 0.436631
0.561500, 0.436734
0.562000, 0.436837
0.562500, 0.436940
0.563000, 0.437043
0.563500, 0.437145
0.564000, 0.437246
0.564500, 0.437347
0.565000, 0.437448
0.565500, 0.437549
0.566000, 0.437649
0.566500, 0.437749
0.567000, 0.437848
0.567500, 0.437947
0.568000, 0.438046
0.568500, 0.438144
0.569000, 0.438242
0.569500, 0.438340
0.570000, 0.438437
0.570500, 0.438533
0.571000, 0.438630
0.571500, 0.438726
0.572000, 0.438822
0.572500, 0.438917
0.573000, 0.439012
0.573500, 0.439107
0.574000, 0.439201
0.574500, 0.439295
0.575000, 0.439388
0.575500, 0.439481
0.576000, 0.439574
0.576500, 0.439666
0.577000, 0.439759
0.577500, 0.439850
0.578000, 0.439942
0.578500, 0.440032
0.579000, 0.440123
0.579500, 0.440213
0.580000, 0.440303
0.580500, 0.440393
0.581000, 0.440482
0.581500, 0.440571
0.582000, 0.440659
0.582500, 0.440747
0.583000, 0.440835
0.583500, 0.440922
0.584000, 0.441009
0.584500, 0.441096
0.585000, 0.441182
0.585500, 0.441268
0.586000, 0.441353
0.586500, 0.441438
0.587000, 0.441523
0.587500, 0.441608
0.588000, 0.441692
0.588500, 0.441776
0.589000, 0.441859
0.589500, 0.441942
0.590000, 0.442025
0.590500, 0.442107
0.591000, 0.442189
0.591500, 0.442271
0.592000, 0.442352
0.592500, 0.442433
0.593000, 0.442513
0.593500, 0.442594
0.594000, 0.442673
0.594500, 0.442753
0.595000, 0.442832
0.595500, 0.442911
0.596000, 0.442989
0.596500, 0.443067
0.597000, 0.443145
0.597500, 0.443223
0.598000, 0.443300
0.598500, 0.443376
0.599000, 0.443453
0.599500, 0.443529
0.600000, 0.443604
0.600500, 0.443680
0.601000, 0.443754
0.601500, 0.443829
0.602000, 0.443903
0.602500, 0.443977
0.603000, 0.444051
0.603500, 0.444124
0.604000, 0.444197
0.604500, 0.444269
0.605000, 0.444342
0.605500, 0.444413
0.606000, 0.444485
0.606500, 0.444556
0.607000, 0.444627
0.607500, 0.444697
0.608000, 0.444767
0.608500, 0.444837
0.609000, 0.444907
0.609500, 0.444976
0.610000, 0.445044
0.610500, 0.445113
0.611000, 0.445181
0.611500, 0.445249
0.612000, 0.445316
0.612500, 0.445383
0.613000, 0.445450
0.613500, 0.445516
0.614000, 0.445582
0.614500, 0.445648
0.615000, 0.445713
0.615500, 0.445778
0.616000, 0.445843
0.616500, 0.445907
0.617000, 0.445971
0.617500, 0.446035
0.618000, 0.446098
0.618500, 0.446161
0.619000, 0.446224
0.619500, 0.446286
0.620000, 0.446348
0.620500, 0.446410
0.621000, 0.446471
0.621500, 0.446532
0.622000, 0.446593
0.622500, 0.446653
0.623000, 0.446713
0.623500, 0.446772
0.624000, 0.446832
0.624500, 0.446891
0.625000, 0.446949
0.625500, 0.447008
0.626000, 0.447066
0.626500, 0.447123
0.627000, 0.447181
0.627500, 0.447238
0.628000, 0.447294
0.628500, 0.447351
0.629000, 0.447407
0.629500, 0.447462
0.630000, 0.447518
0.630500, 0.447573
0.631000, 0.447627
0.631500, 0.447682
0.632000, 0.447736
0.632500, 0.447789
0.633000, 0.447843
0.633500, 0.447896
0.634000, 0.447949
0.634500, 0.448001
0.635000, 0.448053
0.635500, 0.448105
0.636000, 0.448156
0.636500, 0.448207
0.637000, 0.448258
0.637500, 0.448309
0.638000, 0.448359
0.638500, 0.448409
0.639000, 0.448458
0.639500, 0.448507
0.640000, 0.448556
0.640500, 0.448605
0.641000, 0.448653
0.641500, 0.448701
0.642000, 0.448748
0.642500, 0.448795
0.643000, 0.448842
0.643500, 0.448889
0.644000, 0.448935
0.644500, 0.448981
0.645000, 0.449027
0.645500, 0.449072
0.646000, 0.449117
0.646500, 0.449162
0.647000, 0.449206
0.647500, 0.449250
0.648000, 0.449294
0.648500, 0.449338
0.649000, 0.449381
0.649500, 0.449423
0.650000, 0.449466
0.650500, 0.449508
0.651000, 0.449550
0.651500, 0.449592
0.652000, 0.449633
0.652500, 0.449674
0.653000, 0.449714
0.653500, 0.449755
0.654000, 0.449795
0.654500, 0.449834
0.655000, 0.449874
0.655500, 0.449913
0.656000, 0.449951
0.656500, 0.449990
0.657000, 0.450028
0.657500, 0.450066
0.658000, 0.450103
0.658500, 0.450140
0.659000, 0.450177
0.659500, 0.450214
0.660000, 0.450250
0.660500, 0.450286
0.661000, 0.450322
0.661500, 0.450357
0.662000, 0.450392
0.662500, 0.450427
0.663000, 0.450461
0.663500, 0.450495
0.664000, 0.450529
0.664500, 0.450562
0.665000, 0.450596
0.665500, 0.450628
0.666000, 0.450661
0.666500, 0.450693
0.667000, 0.450725
0.667500, 0.450757
0.668000, 0.450788
0.668500, 0.450819
0.669000, 0.450850
0.669500, 0.450881
0.670000, 0.450911
0.670500, 0.450941
0.671000, 0.450970
0.671500, 0.450999
0.672000, 0.451028
0.672500, 0.451057
0.673000, 0.451085
0.673500, 0.451113
0.674000, 0.451141
0.674500, 0.451169
0.675000, 0.451196
0.675500, 0.451223
0.676000, 0.451249
0.676500, 0.451275
0.677000, 0.451301
0.677500, 0.451327
0.678000, 0.451352
0.678500, 0.451377
0.679000, 0.451402
0.679500, 0.451427
0.680000, 0.451451
0.680500, 0.451475
0.681000, 0.451498
0.681500, 0.451522
0.682000, 0.451545
0.682500, 0.451567
0.683000, 0.451590
0.683500, 0.451612
0.684000, 0.451634
0.684500, 0.451655
0.685000, 0.451677
0.685500, 0.451698
0.686000, 0.451718
0.686500, 0.451739
0.687000, 0.451759
0.687500, 0.451778
0.688000, 0.451798
0.688500, 0.451817
0.689000, 0.451836
0.689500, 0.451855
0.690000, 0.451873
0.690500, 0.451891
0.691000, 0.451909
0.691500, 0.451926
0.692000, 0.451944
0.692500, 0.451960
0.693000, 0.451977
0.693500, 0.451993
0.694000, 0.452009
0.694500, 0.452025
0.695000, 0.452041
0.695500, 0.452056
0.696000, 0.452071
0.696500, 0.452085
0.697000, 0.452100
0.697500, 0.452114
0.698000, 0.452127
0.698500, 0.452141
0.699000, 0.452154
0.699500, 0.452167
0.700000, 0.452180
0.700500, 0.452192
0.701000, 0.452204
0.701500, 0.452216
0.702000, 0.452227
0.702500, 0.452239
0.703000, 0.452250
0.703500, 0.452260
0.704000, 0.452271
0.704500, 0.452281
0.705000, 0.452291
0.705500, 0.452300
0.706000, 0.452309
0.706500, 0.452318
0.707000, 0.452327
0.707500, 0.452335
0.708000, 0.452344
0.708500, 0.452352
0.709000, 0.452359
0.709500, 0.452366
0.710000, 0.452373
0.710500, 0.452380
0.711000, 0.452387
0.711500, 0.452393
0.712000, 0.452399
0.712500, 0.452405
0.713000, 0.452410
0.713500, 0.452415
0.714000, 0.452420
0.714500, 0.452425
0.715000, 0.452429
0.715500, 0.452433
0.716000, 0.452437
0.716500, 0.452440
0.717000, 0.452443
0.717500, 0.452446
0.718000, 0.452449
0.718500, 0.452451
0.719000, 0.452453
0.719500, 0.452455
0.720000, 0.452457
0.720500, 0.452458
0.721000, 0.452459
0.721500, 0.452460
0.722000, 0.452461
0.722500, 0.452461
0.723000, 0.452461
0.723500, 0.452461
0.724000, 0.452460
0.724500, 0.452459
0.725000, 0.452458
0.725500, 0.452457
0.726000, 0.452455
0.726500, 0.452453
0.727000, 0.452451
0.727500, 0.452449
0.728000, 0.452446
0.728500, 0.452443
0.729000, 0.452440
0.729500, 0.452436
0.730000, 0.452432
0.730500, 0.452428
0.731000, 0.452424
0.731500, 0.452420
0.732000, 0.452415
0.732500, 0.452410
0.733000, 0.452405
0.733500, 0.452399
0.734000, 0.452393
0.734500, 0.452387
0.735000, 0.452381
0.735500, 0.452374
0.736000, 0.452367
0.736500, 0.452360
0.737000, 0.452353
0.737500, 0.452345
0.738000, 0.452337
0.738500, 0.452329
0.739000, 0.452320
0.739500, 0.452312
0.740000, 0.452303
0.740500, 0.452294
0.741000, 0.452284
0.741500, 0.452274
0.742000, 0.452264
0.742500, 0.452254
0.743000, 0.452244
0.743500, 0.452233
0.744000, 0.452222
0.744500, 0.452211
0.745000, 0.452199
0.745500, 0.452187
0.746000, 0.452175
0.746500, 0.452163
0.747000, 0.452151
0.747500, 0.452138
0.748000, 0.452125
0.748500, 0.452111
0.749000, 0.452098
0.749500, 0.452084
0.750000, 0.452070
0.750500, 0.452056
0.751000, 0.452041
0.751500, 0.452026
0.752000, 0.452011
0.752500, 0.451996
0.753000, 0.451981
0.753500, 0.451965
0.754000, 0.451949
0.754500, 0.451932
0.755000, 0.451916
0.755500, 0.451899
0.756000, 0.451882
0.756500, 0.451865
0.757000, 0.451847
0.757500, 0.451830
0.758000, 0.451812
0.758500, 0.451793
0.759000, 0.451775
0.759500, 0.451756
0.760000, 0.451737
0.760500, 0.451718
0.761000, 0.451698
0.761500, 0.451678
0.762000, 0.451659
0.762500, 0.451638
0.763000, 0.451618
0.763500, 0.451597
0.764000, 0.451576
0.764500, 0.451555
0.765000, 0.451534
0.765500, 0.451512
0.766000, 0.451490
0.766500, 0.451468
0.767000, 0.451445
0.767500, 0.451423
0.768000, 0.451400
0.768500, 0.451377
0.769000, 0.451353
0.769500, 0.451330
0.770000, 0.451306
0.770500, 0.451282
0.771000, 0.451257
0.771500, 0.451233
0.772000, 0.451208
0.772500, 0.451183
0.773000, 0.451158
0.773500, 0.451132
0.774000, 0.451107
0.774500, 0.451081
0.775000, 0.451054
0.775500, 0.451028
0.776000, 0.451001
0.776500, 0.450974
0.777000, 0.450947
0.777500, 0.450920
0.778000, 0.450892
0.778500, 0.450864
0.779000, 0.450836
0.779500, 0.450808
0.780000, 0.450779
0.780500, 0.450750
0.781000, 0.450721
0.781500, 0.450692
0.782000, 0.450663
0.782500, 0.450633
0.783000, 0.450603
0.783500, 0.450573
0.784000, 0.450542
0.784500, 0.450512
0.785000, 0.450481
0.785500, 0.450450
0.786000, 0.450418
0.786500, 0.450387
0.787000, 0.450355
0.787500, 0.450323
0.788000, 0.450291
0.788500, 0.450258
0.789000, 0.450225
0.789500, 0.450192
0.790000, 0.450159
0.790500, 0.450126
0.791000, 0.450092
0.791500, 0.450058
0.792000, 0.450024
0.792500, 0.449990
0.793000, 0.449955
0.793500, 0.449921
0.794000, 0.449886
0.794500, 0.449850
0.795000, 0.449815
0.795500, 0.449779
0.796000, 0.449743
0.796500, 0.449707
0.797000, 0.449671
0.797500, 0.449634
0.798000, 0.449598
0.798500, 0.449561
0.799000, 0.449523
0.799500, 0.449486
0.800000, 0.449448
0.800500, 0.449410
0.801000, 0.449372
0.801500, 0.449334
0.802000, 0.449295
0.802500, 0.449257
0.803000, 0.449218
0.803500, 0.449179
0.804000, 0.449139
0.804500, 0.449099
0.805000, 0.449060
0.805500, 0.449019
0.806000, 0.448979
0.806500, 0.448939
0.807000, 0.448898
0.807500, 0.448857
0.808000, 0.448816
0.808500, 0.448774
0.809000, 0.448733
0.809500, 0.448691
0.810000, 0.448649
0.810500, 0.448607
0.811000, 0.448564
0.811500, 0.448522
0.812000, 0.448479
0.812500, 0.448436
0.813000, 0.448392
0.813500, 0.448349
0.814000, 0.448305
0.814500, 0.448261
0.815000, 0.448217
0.815500, 0.448172
0.816000, 0.448128
0.816500, 0.448083
0.817000, 0.448038
0.817500, 0.447993
0.818000, 0.447947
0.818500, 0.447902
0.819000, 0.447856
0.819500, 0.447810
0.820000, 0.447763
0.820500, 0.447717
0.821000, 0.447670
0.821500, 0.447623
0.822000, 0.447576
0.822500, 0.447529
0.823000, 0.447481
0.823500, 0.447433
0.824000, 0.447385
0.824500, 0.447337
0.825000, 0.447289
0.825500, 0.447240
0.826000, 0.447191
0.826500, 0.447142
0.827000, 0.447093
0.827500, 0.447044
0.828000, 0.446994
0.828500, 0.446944
0.829000, 0.446894
0.829500, 0.446844
0.830000, 0.446794
0.830500, 0.446743
0.831000, 0.446692
0.831500, 0.446641
0.832000, 0.446590
0.832500, 0.446538
0.833000, 0.446487
0.833500, 0.446435
0.834000, 0.446383
0.834500, 0.446331
0.835000, 0.446278
0.835500, 0.446225
0.836000, 0.446173
0.836500, 0.446119
0.837000, 0.446066
0.837500, 0.446013
0.838000, 0.445959
0.838500, 0.445905
0.839000, 0.445851
0.839500, 0.445797
0.840000, 0.445742
0.840500, 0.445688
0.841000, 0.445633
0.841500, 0.445578
0.842000, 0.445522
0.842500, 0.445467
0.843000, 0.445411
0.843500, 0.445355
0.844000, 0.445299
0.844500, 0.445243
0.845000, 0.445187
0.845500, 0.445130
0.846000, 0.445073
0.846500, 0.445016
0.847000, 0.444959
0.847500, 0.444902
0.848000, 0.444844
0.848500, 0.444786
0.849000, 0.444728
0.849500, 0.444670
0.850000, 0.444611
0.850500, 0.444553
0.851000, 0.444494
0.851500, 0.444435
0.852000, 0.444376
0.852500, 0.444317
0.853000, 0.444257
0.853500, 0.444197
0.854000, 0.444137
0.854500, 0.444077
0.855000, 0.444017
0.855500, 0.443956
0.856000, 0.443896
0.856500, 0.443835
0.857000, 0.443774
0.857500, 0.443712
0.858000, 0.443651
0.858500, 0.443589
0.859000, 0.443528
0.859500, 0.443466
0.860000, 0.443403
0.860500, 0.443341
0.861000, 0.443278
0.861500, 0.443216
0.862000, 0.443153
0.862500, 0.443089
0.863000, 0.443026
0.863500, 0.442963
0.864000, 0.442899
0.864500, 0.442835
0.865000, 0.442771
0.865500, 0.442707
0.866000, 0.442642
0.866500, 0.442578
0.867000, 0.442513
0.867500, 0.442448
0.868000, 0.442383
0.868500, 0.442317
0.869000, 0.442252
0.869500, 0.442186
0.870000, 0.442120
0.870500, 0.442054
0.871000, 0.441988
0.871500, 0.441921
0.872000, 0.441855
0.872500, 0.441788
0.873000, 0.441721
0.873500, 0.441654
0.874000, 0.441586
0.874500, 0.441519
0.875000, 0.441451
0.875500, 0.441383
0.876000, 0.441315
0.876500, 0.441247
0.877000, 0.441178
0.877500, 0.441110
0.878000, 0.441041
0.878500, 0.440972
0.879000, 0.440903
0.879500, 0.440833
0.880000, 0.440764
0.880500, 0.440694
0.881000, 0.440624
0.881500, 0.440554
0.882000, 0.440484
0.882500, 0.440414
0.883000, 0.440343
0.883500, 0.440272
0.884000, 0.440201
0.884500, 0.440130
0.885000, 0.440059
0.885500, 0.439988
0.886000, 0.439916
0.886500, 0.439844
0.887000, 0.439772
0.887500, 0.439700
0.888000, 0.439628
0.888500, 0.439555
0.889000, 0.439483
0.889500, 0.439410
0.890000, 0.439337
0.890500, 0.439264
0.891000, 0.439190
0.891500, 0.439117
0.892000, 0.439043
0.892500, 0.438969
0.893000, 0.438895
0.893500, 0.438821
0.894000, 0.438747
0.894500, 0.438672
0.895000, 0.438597
0.895500, 0.438522
0.896000, 0.438447
0.896500, 0.438372
0.897000, 0.438297
0.897500, 0.438221
0.898000, 0.438146
0.898500, 0.438070
0.899000, 0.437994
0.899500, 0.437917
0.900000, 0.437841
0.900500, 0.437764
0.901000, 0.437688
0.901500, 0.437611
0.902000, 0.437534
0.902500, 0.437457
0.903000, 0.437379
0.903500, 0.437302
0.904000, 0.437224
0.904500, 0.437146
0.905000, 0.437068
0.905500, 0.436990
0.906000, 0.436911
0.906500, 0.436833
0.907000, 0.436754
0.907500, 0.436675
0.908000, 0.436596
0.908500, 0.436517
0.909000, 0.436438
0.909500, 0.436358
0.910000, 0.436279
0.910500, 0.436199
0.911000, 0.436119
0.911500, 0.436039
0.912000, 0.435958
0.912500, 0.435878
0.913000, 0.435797
0.913500, 0.435716
0.914000, 0.435635
0.914500, 0.435554
0.915000, 0.435473
0.915500, 0.435392
0.916000, 0.435310
0.916500, 0.435228
0.917000, 0.435146
0.917500, 0.435064
0.918000, 0.434982
0.918500, 0.434900
0.919000, 0.434817
0.919500, 0.434734
0.920000, 0.434651
0.920500, 0.434568
0.921000, 0.434485
0.921500, 0.434402
0.922000, 0.434318
0.922500, 0.434235
0.923000, 0.434151
0.923500, 0.434067
0.924000, 0.433983
0.924500, 0.433899
0.925000, 0.433814
0.925500, 0.433730
0.926000, 0.433645
0.926500, 0.433560
0.927000, 0.433475
0.927500, 0.433390
0.928000, 0.433305
0.928500, 0.433219
0.929000, 0.433133
0.929500, 0.433048
0.930000, 0.432962
0.930500, 0.432876
0.931000, 0.432789
0.931500, 0.432703
0.932000, 0.432616
0.932500, 0.432530
0.933000, 0.432443
0.933500, 0.432356
0.934000, 0.432269
0.934500, 0.432181
0.935000, 0.432094
0.935500, 0.432006
0.936000, 0.431919
0.936500, 0.431831
0.937000, 0.431743
0.937500, 0.431655
0.938000, 0.431566
0.938500, 0.431478
0.939000, 0.431389
0.939500, 0.431300
0.940000, 0.431211
0.940500, 0.431122
0.941000, 0.431033
0.941500, 0.430944
0.942000, 0.430854
0.942500, 0.430765
0.943000, 0.430675
0.943500, 0.430585
0.944000, 0.430495
0.944500, 0.430405
0.945000, 0.430314
0.945500, 0.430224
0.946000, 0.430133
0.946500, 0.430042
0.947000, 0.429951
0.947500, 0.429860
0.948000, 0.429769
0.948500, 0.429677
0.949000, 0.429586
0.949500, 0.429494
0.950000, 0.429402
0.950500, 0.429311
0.951000, 0.429218
0.951500, 0.429126
0.952000, 0.429034
0.952500, 0.428941
0.953000, 0.428849
0.953500, 0.428756
0.954000, 0.428663
0.954500, 0.428570
0.955000, 0.428477
0.955500, 0.428383
0.956000, 0.428290
0.956500, 0.428196
0.957000, 0.428102
0.957500, 0.428008
0.958000, 0.427914
0.958500, 0.427820
0.959000, 0.427726
0.959500, 0.427631
0.960000, 0.427537
0.960500, 0.427442
0.961000, 0.427347
0.961500, 0.427252
0.962000, 0.427157
0.962500, 0.427062
0.963000, 0.426966
0.963500, 0.426871
0.964000, 0.426775
0.964500, 0.426679
0.965000, 0.426583
0.965500, 0.426487
0.966000, 0.426391
0.966500, 0.426295
0.967000, 0.426198
0.967500, 0.426101
0.968000, 0.426005
0.968500, 0.425908
0.969000, 0.425811
0.969500, 0.425714
0.970000, 0.425616
0.970500, 0.425519
0.971000, 0.425421
0.971500, 0.425324
0.972000, 0.425226
0.972500, 0.425128
0.973000, 0.425030
0.973500, 0.424932
0.974000, 0.424833
0.974500, 0.424735
0.975000, 0.424636
0.975500, 0.424537
0.976000, 0.424438
0.976500, 0.424339
0.977000, 0.424240
0.977500, 0.424141
0.978000, 0.424042
0.978500, 0.423942
0.979000, 0.423843
0.979500, 0.423743
0.980000, 0.423643
0.980500, 0.423543
0.981000, 0.423443
0.981500, 0.423342
0.982000, 0.423242
0.982500, 0.423141
0.983000, 0.423041
0.983500, 0.422940
0.984000, 0.422839
0.984500, 0.422738
0.985000, 0.422637
0.985500, 0.422536
0.986000, 0.422434
0.986500, 0.422333
0.987000, 0.422231
0.987500, 0.422129
0.988000, 0.422027
0.988500, 0.421925
0.989000, 0.421823
0.989500, 0.421721
0.990000, 0.421618
0.990500, 0.421516
0.991000, 0.421413
0.991500, 0.421310
0.992000, 0.421208
0.992500, 0.421105
0.993000, 0.421001
0.993500, 0.420898
0.994000, 0.420795
0.994500, 0.420691
0.995000, 0.420588
0.995500, 0.420484
0.996000, 0.420380
0.996500, 0.420276
0.997000, 0.420172
0.997500, 0.420068
0.998000, 0.419963
0.998500, 0.419859
0.999000, 0.419754
0.999500, 0.419650
1.000000, 0.419545
